@000
00000000
01000000
00000000
01101111
@004
00111110
10000000
00100100
00000011
@008
00000000
00000000
00000100
10110011
@00c
00000000
01000100
10000100
10010011
@010
00000010
10000100
10100011
00010011
@014
00000000
00000011
00001100
01100011
@018
00111110
10000100
10101001
00000011
@01c
00000001
00100100
00110011
00110011
@020
11111110
00000011
00000110
11100011
@024
00000000
00001001
00000100
00110011
@028
11111110
01011111
11110000
01101111
@02c
01111100
10000000
00101000
00100011
@030
00000000
01000000
00000000
01101111
